./flow/1CM1_4_R_#229 13 18 55
./flow/1CM1_4_R_#229 2 56 284
./flow/1CM1_4_R_#229 6 285 308
./flow/1CM1_4_R_#229 2 309 502
./flow/1CM1_4_R_#229 7 503 544
./flow/1CM1_4_R_#229 2 545 857
./flow/1CM1_4_R_#229 5 858 899
./flow/1CM1_4_R_#229 1 900 1122
./flow/1CM1_4_R_#229 4 1433 1457
./flow/1CM1_4_R_#229 1 1458 1707
./flow/1CM1_4_R_#229 10 2043 2077
./flow/1CM1_4_R_#229 1 2078 2350
./flow/1CM1_4_R_#229 8 2351 2391
./flow/1CM1_4_R_#229 2 2392 2603
./flow/1CM1_4_R_#229 12 2604 2646
./flow/1CM1_4_R_#229 2 2647 2794
./flow/1CM1_4_R_#229 11 2994 3029
./flow/1CM1_4_R_#229 1 3030 3232
./flow/1CM1_4_R_#229 9 3233 3277
./flow/1CM1_4_R_#229 1 3278 3645
./flow/1CM1_4_R_#229 3 3646 3676