./frames/1CM1_4_R_#229 1 1 17
./frames/1CM1_4_R_#229 14 18 55
./frames/1CM1_4_R_#229 3 56 284
./frames/1CM1_4_R_#229 7 285 308
./frames/1CM1_4_R_#229 3 309 502
./frames/1CM1_4_R_#229 8 503 544
./frames/1CM1_4_R_#229 3 545 857
./frames/1CM1_4_R_#229 6 858 899
./frames/1CM1_4_R_#229 2 900 1122
./frames/1CM1_4_R_#229 1 1123 1432
./frames/1CM1_4_R_#229 5 1433 1457
./frames/1CM1_4_R_#229 2 1458 1707
./frames/1CM1_4_R_#229 1 1708 2042
./frames/1CM1_4_R_#229 11 2043 2077
./frames/1CM1_4_R_#229 2 2078 2350
./frames/1CM1_4_R_#229 9 2351 2391
./frames/1CM1_4_R_#229 3 2392 2603
./frames/1CM1_4_R_#229 13 2604 2646
./frames/1CM1_4_R_#229 3 2647 2794
./frames/1CM1_4_R_#229 1 2795 2993
./frames/1CM1_4_R_#229 12 2994 3029
./frames/1CM1_4_R_#229 2 3030 3232
./frames/1CM1_4_R_#229 10 3233 3277
./frames/1CM1_4_R_#229 2 3278 3645
./frames/1CM1_4_R_#229 4 3646 3676
./frames/1CM1_4_R_#229 1 3677 3751
