./frames/1CM1_4_R_#229 1 1 17
./frames/1CM1_4_R_#229 2 18 55
./frames/1CM1_4_R_#229 2 56 284
./frames/1CM1_4_R_#229 2 285 308
./frames/1CM1_4_R_#229 2 309 502
./frames/1CM1_4_R_#229 2 503 544
./frames/1CM1_4_R_#229 2 545 857
./frames/1CM1_4_R_#229 2 858 899
./frames/1CM1_4_R_#229 2 900 1122
./frames/1CM1_4_R_#229 1 1123 1432
./frames/1CM1_4_R_#229 2 1433 1457
./frames/1CM1_4_R_#229 2 1458 1707
./frames/1CM1_4_R_#229 1 1708 2042
./frames/1CM1_4_R_#229 2 2043 2077
./frames/1CM1_4_R_#229 2 2078 2350
./frames/1CM1_4_R_#229 2 2351 2391
./frames/1CM1_4_R_#229 2 2392 2603
./frames/1CM1_4_R_#229 2 2604 2646
./frames/1CM1_4_R_#229 2 2647 2794
./frames/1CM1_4_R_#229 1 2795 2993
./frames/1CM1_4_R_#229 2 2994 3029
./frames/1CM1_4_R_#229 2 3030 3232
./frames/1CM1_4_R_#229 2 3233 3277
./frames/1CM1_4_R_#229 2 3278 3645
./frames/1CM1_4_R_#229 2 3646 3676
./frames/1CM1_4_R_#229 1 3677 3751