./flow/1CM1_4_R_#229 1 1 17
./flow/1CM1_4_R_#229 14 18 55
./flow/1CM1_4_R_#229 3 56 284
./flow/1CM1_4_R_#229 7 285 308
./flow/1CM1_4_R_#229 3 309 502
./flow/1CM1_4_R_#229 8 503 544
./flow/1CM1_4_R_#229 3 545 857
./flow/1CM1_4_R_#229 6 858 899
./flow/1CM1_4_R_#229 2 900 1122
./flow/1CM1_4_R_#229 1 1123 1432
./flow/1CM1_4_R_#229 5 1433 1457
./flow/1CM1_4_R_#229 2 1458 1707
./flow/1CM1_4_R_#229 1 1708 2042
./flow/1CM1_4_R_#229 11 2043 2077
./flow/1CM1_4_R_#229 2 2078 2350
./flow/1CM1_4_R_#229 9 2351 2391
./flow/1CM1_4_R_#229 3 2392 2603
./flow/1CM1_4_R_#229 13 2604 2646
./flow/1CM1_4_R_#229 3 2647 2794
./flow/1CM1_4_R_#229 1 2795 2993
./flow/1CM1_4_R_#229 12 2994 3029
./flow/1CM1_4_R_#229 2 3030 3232
./flow/1CM1_4_R_#229 10 3233 3277
./flow/1CM1_4_R_#229 2 3278 3645
./flow/1CM1_4_R_#229 4 3646 3676
./flow/1CM1_4_R_#229 1 3677 3751