./frames/1CM1_1_R_#217 12 29 72
./frames/1CM1_1_R_#217 1 73 235
./frames/1CM1_1_R_#217 9 236 260
./frames/1CM1_1_R_#217 1 261 448
./frames/1CM1_1_R_#217 13 449 509
./frames/1CM1_1_R_#217 2 510 756
./frames/1CM1_1_R_#217 8 757 788
./frames/1CM1_1_R_#217 2 789 1064
./frames/1CM1_1_R_#217 6 1065 1101
./frames/1CM1_1_R_#217 2 1102 1353
./frames/1CM1_1_R_#217 5 1884 1938
./frames/1CM1_1_R_#217 1 1939 2168
./frames/1CM1_1_R_#217 11 2169 2194
./frames/1CM1_1_R_#217 1 2195 2407
./frames/1CM1_1_R_#217 4 2861 2906
./frames/1CM1_1_R_#217 2 2907 3151
./frames/1CM1_1_R_#217 10 3388 3414
./frames/1CM1_1_R_#217 1 3415 3549
./frames/1CM1_1_R_#217 3 3550 3587
./frames/1CM1_1_R_#217 2 3588 3755
./frames/1CM1_1_R_#217 7 3756 3798
./frames/1CM1_1_R_#218 3 20 49
./frames/1CM1_1_R_#218 2 50 239
./frames/1CM1_1_R_#218 12 240 287
./frames/1CM1_1_R_#218 2 288 500
./frames/1CM1_1_R_#218 6 501 539
./frames/1CM1_1_R_#218 2 540 728
./frames/1CM1_1_R_#218 4 1041 1074
./frames/1CM1_1_R_#218 2 1075 1322
./frames/1CM1_1_R_#218 11 1323 1358
./frames/1CM1_1_R_#218 1 1359 1584
./frames/1CM1_1_R_#218 9 1906 1945
./frames/1CM1_1_R_#218 2 1946 2195
./frames/1CM1_1_R_#218 13 2491 2543
./frames/1CM1_1_R_#218 1 2544 2779
./frames/1CM1_1_R_#218 8 2780 2824
./frames/1CM1_1_R_#218 1 2825 3021
./frames/1CM1_1_R_#218 10 3022 3054
./frames/1CM1_1_R_#218 1 3055 3275
./frames/1CM1_1_R_#218 5 3276 3315
./frames/1CM1_1_R_#218 1 3316 3547
./frames/1CM1_1_R_#218 7 3548 3597
./frames/1CM1_1_R_#219 10 22 61
./frames/1CM1_1_R_#219 1 62 275
./frames/1CM1_1_R_#219 3 276 304
./frames/1CM1_1_R_#219 2 305 577
./frames/1CM1_1_R_#219 5 578 625
./frames/1CM1_1_R_#219 2 626 842
./frames/1CM1_1_R_#219 13 843 889
./frames/1CM1_1_R_#219 1 890 1130
./frames/1CM1_1_R_#219 8 1501 1566
./frames/1CM1_1_R_#219 1 1567 1829
./frames/1CM1_1_R_#219 6 1830 1872
./frames/1CM1_1_R_#219 1 1873 2086
./frames/1CM1_1_R_#219 7 2087 2131
./frames/1CM1_1_R_#219 1 2132 2381
./frames/1CM1_1_R_#219 4 2382 2415
./frames/1CM1_1_R_#219 2 2416 2681
./frames/1CM1_1_R_#219 9 3017 3053
./frames/1CM1_1_R_#219 2 3054 3352
./frames/1CM1_1_R_#219 11 3599 3639
./frames/1CM1_1_R_#219 2 3640 3817
./frames/1CM1_1_R_#219 12 3818 3864
./frames/1CM1_1_R_#220 9 26 68
./frames/1CM1_1_R_#220 2 69 307
./frames/1CM1_1_R_#220 5 308 344
./frames/1CM1_1_R_#220 2 345 572
./frames/1CM1_1_R_#220 8 573 611
./frames/1CM1_1_R_#220 1 612 883
./frames/1CM1_1_R_#220 11 884 918
./frames/1CM1_1_R_#220 2 919 1160
./frames/1CM1_1_R_#220 7 1458 1507
./frames/1CM1_1_R_#220 1 1508 1761
./frames/1CM1_1_R_#220 4 1762 1788
./frames/1CM1_1_R_#220 1 1789 2014
./frames/1CM1_1_R_#220 3 2373 2405
./frames/1CM1_1_R_#220 2 2406 2644
./frames/1CM1_1_R_#220 13 2645 2689
./frames/1CM1_1_R_#220 2 2690 2915
./frames/1CM1_1_R_#220 6 3228 3267
./frames/1CM1_1_R_#220 1 3268 3482
./frames/1CM1_1_R_#220 10 3483 3514
./frames/1CM1_1_R_#220 1 3515 3789
./frames/1CM1_1_R_#220 12 3790 3836
./frames/1CM1_2_R_#221 11 76 128
./frames/1CM1_2_R_#221 1 145 348
./frames/1CM1_2_R_#221 13 376 423
./frames/1CM1_2_R_#221 1 458 592
./frames/1CM1_2_R_#221 12 650 691
./frames/1CM1_2_R_#221 2 729 907
./frames/1CM1_2_R_#221 5 937 988
./frames/1CM1_2_R_#221 2 1026 1172
./frames/1CM1_2_R_#221 8 1392 1456
./frames/1CM1_2_R_#221 1 1519 1674
./frames/1CM1_2_R_#221 4 1751 1788
./frames/1CM1_2_R_#221 2 1884 2045
./frames/1CM1_2_R_#221 6 2107 2173
./frames/1CM1_2_R_#221 1 2229 2363
./frames/1CM1_2_R_#221 7 2651 2710
./frames/1CM1_2_R_#221 1 2730 2833
./frames/1CM1_2_R_#221 9 2996 3044
./frames/1CM1_2_R_#221 2 3104 3299
./frames/1CM1_2_R_#221 10 3371 3405
./frames/1CM1_2_R_#221 2 3496 3642
./frames/1CM1_2_R_#221 3 3689 3723
./frames/1CM1_2_R_#222 10 30 80
./frames/1CM1_2_R_#222 1 108 250
./frames/1CM1_2_R_#222 12 308 337
./frames/1CM1_2_R_#222 1 365 509
./frames/1CM1_2_R_#222 6 555 594
./frames/1CM1_2_R_#222 1 655 839
./frames/1CM1_2_R_#222 8 904 925
./frames/1CM1_2_R_#222 2 985 1151
./frames/1CM1_2_R_#222 7 1416 1441
./frames/1CM1_2_R_#222 2 1494 1673
./frames/1CM1_2_R_#222 3 1710 1733
./frames/1CM1_2_R_#222 2 1794 1948
./frames/1CM1_2_R_#222 4 1988 2013
./frames/1CM1_2_R_#222 2 2037 2204
./frames/1CM1_2_R_#222 11 2512 2553
./frames/1CM1_2_R_#222 2 2598 2763
./frames/1CM1_2_R_#222 5 2875 2937
./frames/1CM1_2_R_#222 1 2969 3129
./frames/1CM1_2_R_#222 9 3176 3211
./frames/1CM1_2_R_#222 1 3256 3412
./frames/1CM1_2_R_#222 13 3456 3507
./frames/1CM1_2_R_#223 9 30 63
./frames/1CM1_2_R_#223 1 102 263
./frames/1CM1_2_R_#223 3 359 397
./frames/1CM1_2_R_#223 1 450 605
./frames/1CM1_2_R_#223 10 698 729
./frames/1CM1_2_R_#223 2 866 1033
./frames/1CM1_2_R_#223 13 1060 1110
./frames/1CM1_2_R_#223 1 1151 1281
./frames/1CM1_2_R_#223 7 1498 1518
./frames/1CM1_2_R_#223 1 1568 1693
./frames/1CM1_2_R_#223 4 1972 1995
./frames/1CM1_2_R_#223 2 2050 2193
./frames/1CM1_2_R_#223 12 2218 2254
./frames/1CM1_2_R_#223 2 2302 2483
./frames/1CM1_2_R_#223 8 2507 2557
./frames/1CM1_2_R_#223 2 2653 2832
./frames/1CM1_2_R_#223 5 2877 2924
./frames/1CM1_2_R_#223 2 2979 3164
./frames/1CM1_2_R_#223 6 3369 3421
./frames/1CM1_2_R_#223 1 3490 3699
./frames/1CM1_2_R_#223 11 3827 3875