./flow/1CM1_1_R_#217 1 1 28
./flow/1CM1_1_R_#217 2 29 72
./flow/1CM1_1_R_#217 2 73 235
./flow/1CM1_1_R_#217 2 236 260
./flow/1CM1_1_R_#217 2 261 448
./flow/1CM1_1_R_#217 2 449 509
./flow/1CM1_1_R_#217 2 510 756
./flow/1CM1_1_R_#217 2 757 788
./flow/1CM1_1_R_#217 2 789 1064
./flow/1CM1_1_R_#217 2 1065 1101
./flow/1CM1_1_R_#217 2 1102 1353
./flow/1CM1_1_R_#217 1 1354 1883
./flow/1CM1_1_R_#217 2 1884 1938
./flow/1CM1_1_R_#217 2 1939 2168
./flow/1CM1_1_R_#217 2 2169 2194
./flow/1CM1_1_R_#217 2 2195 2407
./flow/1CM1_1_R_#217 1 2408 2860
./flow/1CM1_1_R_#217 2 2861 2906
./flow/1CM1_1_R_#217 2 2907 3151
./flow/1CM1_1_R_#217 1 3152 3387
./flow/1CM1_1_R_#217 2 3388 3414
./flow/1CM1_1_R_#217 2 3415 3549
./flow/1CM1_1_R_#217 2 3550 3587
./flow/1CM1_1_R_#217 2 3588 3755
./flow/1CM1_1_R_#217 2 3756 3798
./flow/1CM1_1_R_#217 1 3799 3854
./flow/1CM1_1_R_#218 1 1 19
./flow/1CM1_1_R_#218 2 20 49
./flow/1CM1_1_R_#218 2 50 239
./flow/1CM1_1_R_#218 2 240 287
./flow/1CM1_1_R_#218 2 288 500
./flow/1CM1_1_R_#218 2 501 539
./flow/1CM1_1_R_#218 2 540 728
./flow/1CM1_1_R_#218 1 729 1040
./flow/1CM1_1_R_#218 2 1041 1074
./flow/1CM1_1_R_#218 2 1075 1322
./flow/1CM1_1_R_#218 2 1323 1358
./flow/1CM1_1_R_#218 2 1359 1584
./flow/1CM1_1_R_#218 1 1585 1905
./flow/1CM1_1_R_#218 2 1906 1945
./flow/1CM1_1_R_#218 2 1946 2195
./flow/1CM1_1_R_#218 1 2196 2490
./flow/1CM1_1_R_#218 2 2491 2543
./flow/1CM1_1_R_#218 2 2544 2779
./flow/1CM1_1_R_#218 2 2780 2824
./flow/1CM1_1_R_#218 2 2825 3021
./flow/1CM1_1_R_#218 2 3022 3054
./flow/1CM1_1_R_#218 2 3055 3275
./flow/1CM1_1_R_#218 2 3276 3315
./flow/1CM1_1_R_#218 2 3316 3547
./flow/1CM1_1_R_#218 2 3548 3597
./flow/1CM1_1_R_#218 1 3598 3655
./flow/1CM1_1_R_#219 1 1 21
./flow/1CM1_1_R_#219 2 22 61
./flow/1CM1_1_R_#219 2 62 275
./flow/1CM1_1_R_#219 2 276 304
./flow/1CM1_1_R_#219 2 305 577
./flow/1CM1_1_R_#219 2 578 625
./flow/1CM1_1_R_#219 2 626 842
./flow/1CM1_1_R_#219 2 843 889
./flow/1CM1_1_R_#219 2 890 1130
./flow/1CM1_1_R_#219 1 1131 1500
./flow/1CM1_1_R_#219 2 1501 1566
./flow/1CM1_1_R_#219 2 1567 1829
./flow/1CM1_1_R_#219 2 1830 1872
./flow/1CM1_1_R_#219 2 1873 2086
./flow/1CM1_1_R_#219 2 2087 2131
./flow/1CM1_1_R_#219 2 2132 2381
./flow/1CM1_1_R_#219 2 2382 2415
./flow/1CM1_1_R_#219 2 2416 2681
./flow/1CM1_1_R_#219 1 2682 3016
./flow/1CM1_1_R_#219 2 3017 3053
./flow/1CM1_1_R_#219 2 3054 3352
./flow/1CM1_1_R_#219 1 3353 3598
./flow/1CM1_1_R_#219 2 3599 3639
./flow/1CM1_1_R_#219 2 3640 3817
./flow/1CM1_1_R_#219 2 3818 3864
./flow/1CM1_1_R_#219 1 3865 3921
./flow/1CM1_1_R_#220 1 1 25
./flow/1CM1_1_R_#220 2 26 68
./flow/1CM1_1_R_#220 2 69 307
./flow/1CM1_1_R_#220 2 308 344
./flow/1CM1_1_R_#220 2 345 572
./flow/1CM1_1_R_#220 2 573 611
./flow/1CM1_1_R_#220 2 612 883
./flow/1CM1_1_R_#220 2 884 918
./flow/1CM1_1_R_#220 2 919 1160
./flow/1CM1_1_R_#220 1 1161 1457
./flow/1CM1_1_R_#220 2 1458 1507
./flow/1CM1_1_R_#220 2 1508 1761
./flow/1CM1_1_R_#220 2 1762 1788
./flow/1CM1_1_R_#220 2 1789 2014
./flow/1CM1_1_R_#220 1 2015 2372
./flow/1CM1_1_R_#220 2 2373 2405
./flow/1CM1_1_R_#220 2 2406 2644
./flow/1CM1_1_R_#220 2 2645 2689
./flow/1CM1_1_R_#220 2 2690 2915
./flow/1CM1_1_R_#220 1 2916 3227
./flow/1CM1_1_R_#220 2 3228 3267
./flow/1CM1_1_R_#220 2 3268 3482
./flow/1CM1_1_R_#220 2 3483 3514
./flow/1CM1_1_R_#220 2 3515 3789
./flow/1CM1_1_R_#220 2 3790 3836
./flow/1CM1_1_R_#220 1 3837 3889
./flow/1CM1_2_R_#221 1 1 75
./flow/1CM1_2_R_#221 2 76 128
./flow/1CM1_2_R_#221 1 129 144
./flow/1CM1_2_R_#221 2 145 348
./flow/1CM1_2_R_#221 1 349 375
./flow/1CM1_2_R_#221 2 376 423
./flow/1CM1_2_R_#221 1 424 457
./flow/1CM1_2_R_#221 2 458 592
./flow/1CM1_2_R_#221 1 593 649
./flow/1CM1_2_R_#221 2 650 691
./flow/1CM1_2_R_#221 1 692 728
./flow/1CM1_2_R_#221 2 729 907
./flow/1CM1_2_R_#221 1 908 936
./flow/1CM1_2_R_#221 2 937 988
./flow/1CM1_2_R_#221 1 989 1025
./flow/1CM1_2_R_#221 2 1026 1172
./flow/1CM1_2_R_#221 1 1173 1391
./flow/1CM1_2_R_#221 2 1392 1456
./flow/1CM1_2_R_#221 1 1457 1518
./flow/1CM1_2_R_#221 2 1519 1674
./flow/1CM1_2_R_#221 1 1675 1750
./flow/1CM1_2_R_#221 2 1751 1788
./flow/1CM1_2_R_#221 1 1789 1883
./flow/1CM1_2_R_#221 2 1884 2045
./flow/1CM1_2_R_#221 1 2046 2106
./flow/1CM1_2_R_#221 2 2107 2173
./flow/1CM1_2_R_#221 1 2174 2228
./flow/1CM1_2_R_#221 2 2229 2363
./flow/1CM1_2_R_#221 1 2364 2650
./flow/1CM1_2_R_#221 2 2651 2710
./flow/1CM1_2_R_#221 1 2711 2729
./flow/1CM1_2_R_#221 2 2730 2833
./flow/1CM1_2_R_#221 1 2834 2995
./flow/1CM1_2_R_#221 2 2996 3044
./flow/1CM1_2_R_#221 1 3045 3103
./flow/1CM1_2_R_#221 2 3104 3299
./flow/1CM1_2_R_#221 1 3300 3370
./flow/1CM1_2_R_#221 2 3371 3405
./flow/1CM1_2_R_#221 1 3406 3495
./flow/1CM1_2_R_#221 2 3496 3642
./flow/1CM1_2_R_#221 1 3643 3688
./flow/1CM1_2_R_#221 2 3689 3723
./flow/1CM1_2_R_#221 1 3724 3768
./flow/1CM1_2_R_#222 1 1 29
./flow/1CM1_2_R_#222 2 30 80
./flow/1CM1_2_R_#222 1 81 107
./flow/1CM1_2_R_#222 2 108 250
./flow/1CM1_2_R_#222 1 251 307
./flow/1CM1_2_R_#222 2 308 337
./flow/1CM1_2_R_#222 1 338 364
./flow/1CM1_2_R_#222 2 365 509
./flow/1CM1_2_R_#222 1 510 554
./flow/1CM1_2_R_#222 2 555 594
./flow/1CM1_2_R_#222 1 595 654
./flow/1CM1_2_R_#222 2 655 839
./flow/1CM1_2_R_#222 1 840 903
./flow/1CM1_2_R_#222 2 904 925
./flow/1CM1_2_R_#222 1 926 984
./flow/1CM1_2_R_#222 2 985 1151
./flow/1CM1_2_R_#222 1 1152 1415
./flow/1CM1_2_R_#222 2 1416 1441
./flow/1CM1_2_R_#222 1 1442 1493
./flow/1CM1_2_R_#222 2 1494 1673
./flow/1CM1_2_R_#222 1 1674 1709
./flow/1CM1_2_R_#222 2 1710 1733
./flow/1CM1_2_R_#222 1 1734 1793
./flow/1CM1_2_R_#222 2 1794 1948
./flow/1CM1_2_R_#222 1 1949 1987
./flow/1CM1_2_R_#222 2 1988 2013
./flow/1CM1_2_R_#222 1 2014 2036
./flow/1CM1_2_R_#222 2 2037 2204
./flow/1CM1_2_R_#222 1 2205 2511
./flow/1CM1_2_R_#222 2 2512 2553
./flow/1CM1_2_R_#222 1 2554 2597
./flow/1CM1_2_R_#222 2 2598 2763
./flow/1CM1_2_R_#222 1 2764 2874
./flow/1CM1_2_R_#222 2 2875 2937
./flow/1CM1_2_R_#222 1 2938 2968
./flow/1CM1_2_R_#222 2 2969 3129
./flow/1CM1_2_R_#222 1 3130 3175
./flow/1CM1_2_R_#222 2 3176 3211
./flow/1CM1_2_R_#222 1 3212 3255
./flow/1CM1_2_R_#222 2 3256 3412
./flow/1CM1_2_R_#222 1 3413 3455
./flow/1CM1_2_R_#222 2 3456 3507
./flow/1CM1_2_R_#222 1 3508 3651
./flow/1CM1_2_R_#223 1 1 29
./flow/1CM1_2_R_#223 2 30 63
./flow/1CM1_2_R_#223 1 64 101
./flow/1CM1_2_R_#223 2 102 263
./flow/1CM1_2_R_#223 1 264 358
./flow/1CM1_2_R_#223 2 359 397
./flow/1CM1_2_R_#223 1 398 449
./flow/1CM1_2_R_#223 2 450 605
./flow/1CM1_2_R_#223 1 606 697
./flow/1CM1_2_R_#223 2 698 729
./flow/1CM1_2_R_#223 1 730 865
./flow/1CM1_2_R_#223 2 866 1033
./flow/1CM1_2_R_#223 1 1034 1059
./flow/1CM1_2_R_#223 2 1060 1110
./flow/1CM1_2_R_#223 1 1111 1150
./flow/1CM1_2_R_#223 2 1151 1281
./flow/1CM1_2_R_#223 1 1282 1497
./flow/1CM1_2_R_#223 2 1498 1518
./flow/1CM1_2_R_#223 1 1519 1567
./flow/1CM1_2_R_#223 2 1568 1693
./flow/1CM1_2_R_#223 1 1694 1971
./flow/1CM1_2_R_#223 2 1972 1995
./flow/1CM1_2_R_#223 1 1996 2049
./flow/1CM1_2_R_#223 2 2050 2193
./flow/1CM1_2_R_#223 1 2194 2217
./flow/1CM1_2_R_#223 2 2218 2254
./flow/1CM1_2_R_#223 1 2255 2301
./flow/1CM1_2_R_#223 2 2302 2483
./flow/1CM1_2_R_#223 1 2484 2506
./flow/1CM1_2_R_#223 2 2507 2557
./flow/1CM1_2_R_#223 1 2558 2652
./flow/1CM1_2_R_#223 2 2653 2832
./flow/1CM1_2_R_#223 1 2833 2876
./flow/1CM1_2_R_#223 2 2877 2924
./flow/1CM1_2_R_#223 1 2925 2978
./flow/1CM1_2_R_#223 2 2979 3164
./flow/1CM1_2_R_#223 1 3165 3368
./flow/1CM1_2_R_#223 2 3369 3421
./flow/1CM1_2_R_#223 1 3422 3489
./flow/1CM1_2_R_#223 2 3490 3699
./flow/1CM1_2_R_#223 1 3700 3826
./flow/1CM1_2_R_#223 2 3827 3875
./flow/1CM1_2_R_#223 1 3876 3988