./frames/1CM1_1_R_#217 1 1 28
./frames/1CM1_1_R_#217 13 29 72
./frames/1CM1_1_R_#217 2 73 235
./frames/1CM1_1_R_#217 10 236 260
./frames/1CM1_1_R_#217 2 261 448
./frames/1CM1_1_R_#217 14 449 509
./frames/1CM1_1_R_#217 3 510 756
./frames/1CM1_1_R_#217 9 757 788
./frames/1CM1_1_R_#217 3 789 1064
./frames/1CM1_1_R_#217 7 1065 1101
./frames/1CM1_1_R_#217 3 1102 1353
./frames/1CM1_1_R_#217 1 1354 1883
./frames/1CM1_1_R_#217 6 1884 1938
./frames/1CM1_1_R_#217 2 1939 2168
./frames/1CM1_1_R_#217 12 2169 2194
./frames/1CM1_1_R_#217 2 2195 2407
./frames/1CM1_1_R_#217 1 2408 2860
./frames/1CM1_1_R_#217 5 2861 2906
./frames/1CM1_1_R_#217 3 2907 3151
./frames/1CM1_1_R_#217 1 3152 3387
./frames/1CM1_1_R_#217 11 3388 3414
./frames/1CM1_1_R_#217 2 3415 3549
./frames/1CM1_1_R_#217 4 3550 3587
./frames/1CM1_1_R_#217 3 3588 3755
./frames/1CM1_1_R_#217 8 3756 3798
./frames/1CM1_1_R_#217 1 3799 3854
./frames/1CM1_1_R_#218 1 1 19
./frames/1CM1_1_R_#218 4 20 49
./frames/1CM1_1_R_#218 3 50 239
./frames/1CM1_1_R_#218 13 240 287
./frames/1CM1_1_R_#218 3 288 500
./frames/1CM1_1_R_#218 7 501 539
./frames/1CM1_1_R_#218 3 540 728
./frames/1CM1_1_R_#218 1 729 1040
./frames/1CM1_1_R_#218 5 1041 1074
./frames/1CM1_1_R_#218 3 1075 1322
./frames/1CM1_1_R_#218 12 1323 1358
./frames/1CM1_1_R_#218 2 1359 1584
./frames/1CM1_1_R_#218 1 1585 1905
./frames/1CM1_1_R_#218 10 1906 1945
./frames/1CM1_1_R_#218 3 1946 2195
./frames/1CM1_1_R_#218 1 2196 2490
./frames/1CM1_1_R_#218 14 2491 2543
./frames/1CM1_1_R_#218 2 2544 2779
./frames/1CM1_1_R_#218 9 2780 2824
./frames/1CM1_1_R_#218 2 2825 3021
./frames/1CM1_1_R_#218 11 3022 3054
./frames/1CM1_1_R_#218 2 3055 3275
./frames/1CM1_1_R_#218 6 3276 3315
./frames/1CM1_1_R_#218 2 3316 3547
./frames/1CM1_1_R_#218 8 3548 3597
./frames/1CM1_1_R_#218 1 3598 3655
./frames/1CM1_1_R_#219 1 1 21
./frames/1CM1_1_R_#219 11 22 61
./frames/1CM1_1_R_#219 2 62 275
./frames/1CM1_1_R_#219 4 276 304
./frames/1CM1_1_R_#219 3 305 577
./frames/1CM1_1_R_#219 6 578 625
./frames/1CM1_1_R_#219 3 626 842
./frames/1CM1_1_R_#219 14 843 889
./frames/1CM1_1_R_#219 2 890 1130
./frames/1CM1_1_R_#219 1 1131 1500
./frames/1CM1_1_R_#219 9 1501 1566
./frames/1CM1_1_R_#219 2 1567 1829
./frames/1CM1_1_R_#219 7 1830 1872
./frames/1CM1_1_R_#219 2 1873 2086
./frames/1CM1_1_R_#219 8 2087 2131
./frames/1CM1_1_R_#219 2 2132 2381
./frames/1CM1_1_R_#219 5 2382 2415
./frames/1CM1_1_R_#219 3 2416 2681
./frames/1CM1_1_R_#219 1 2682 3016
./frames/1CM1_1_R_#219 10 3017 3053
./frames/1CM1_1_R_#219 3 3054 3352
./frames/1CM1_1_R_#219 1 3353 3598
./frames/1CM1_1_R_#219 12 3599 3639
./frames/1CM1_1_R_#219 3 3640 3817
./frames/1CM1_1_R_#219 13 3818 3864
./frames/1CM1_1_R_#219 1 3865 3921
./frames/1CM1_1_R_#220 1 1 25
./frames/1CM1_1_R_#220 10 26 68
./frames/1CM1_1_R_#220 3 69 307
./frames/1CM1_1_R_#220 6 308 344
./frames/1CM1_1_R_#220 3 345 572
./frames/1CM1_1_R_#220 9 573 611
./frames/1CM1_1_R_#220 2 612 883
./frames/1CM1_1_R_#220 12 884 918
./frames/1CM1_1_R_#220 3 919 1160
./frames/1CM1_1_R_#220 1 1161 1457
./frames/1CM1_1_R_#220 8 1458 1507
./frames/1CM1_1_R_#220 2 1508 1761
./frames/1CM1_1_R_#220 5 1762 1788
./frames/1CM1_1_R_#220 2 1789 2014
./frames/1CM1_1_R_#220 1 2015 2372
./frames/1CM1_1_R_#220 4 2373 2405
./frames/1CM1_1_R_#220 3 2406 2644
./frames/1CM1_1_R_#220 14 2645 2689
./frames/1CM1_1_R_#220 3 2690 2915
./frames/1CM1_1_R_#220 1 2916 3227
./frames/1CM1_1_R_#220 7 3228 3267
./frames/1CM1_1_R_#220 2 3268 3482
./frames/1CM1_1_R_#220 11 3483 3514
./frames/1CM1_1_R_#220 2 3515 3789
./frames/1CM1_1_R_#220 13 3790 3836
./frames/1CM1_1_R_#220 1 3837 3889
./frames/1CM1_2_R_#221 1 1 75
./frames/1CM1_2_R_#221 12 76 128
./frames/1CM1_2_R_#221 1 129 144
./frames/1CM1_2_R_#221 2 145 348
./frames/1CM1_2_R_#221 1 349 375
./frames/1CM1_2_R_#221 14 376 423
./frames/1CM1_2_R_#221 1 424 457
./frames/1CM1_2_R_#221 2 458 592
./frames/1CM1_2_R_#221 1 593 649
./frames/1CM1_2_R_#221 13 650 691
./frames/1CM1_2_R_#221 1 692 728
./frames/1CM1_2_R_#221 3 729 907
./frames/1CM1_2_R_#221 1 908 936
./frames/1CM1_2_R_#221 6 937 988
./frames/1CM1_2_R_#221 1 989 1025
./frames/1CM1_2_R_#221 3 1026 1172
./frames/1CM1_2_R_#221 1 1173 1391
./frames/1CM1_2_R_#221 9 1392 1456
./frames/1CM1_2_R_#221 1 1457 1518
./frames/1CM1_2_R_#221 2 1519 1674
./frames/1CM1_2_R_#221 1 1675 1750
./frames/1CM1_2_R_#221 5 1751 1788
./frames/1CM1_2_R_#221 1 1789 1883
./frames/1CM1_2_R_#221 3 1884 2045
./frames/1CM1_2_R_#221 1 2046 2106
./frames/1CM1_2_R_#221 7 2107 2173
./frames/1CM1_2_R_#221 1 2174 2228
./frames/1CM1_2_R_#221 2 2229 2363
./frames/1CM1_2_R_#221 1 2364 2650
./frames/1CM1_2_R_#221 8 2651 2710
./frames/1CM1_2_R_#221 1 2711 2729
./frames/1CM1_2_R_#221 2 2730 2833
./frames/1CM1_2_R_#221 1 2834 2995
./frames/1CM1_2_R_#221 10 2996 3044
./frames/1CM1_2_R_#221 1 3045 3103
./frames/1CM1_2_R_#221 3 3104 3299
./frames/1CM1_2_R_#221 1 3300 3370
./frames/1CM1_2_R_#221 11 3371 3405
./frames/1CM1_2_R_#221 1 3406 3495
./frames/1CM1_2_R_#221 3 3496 3642
./frames/1CM1_2_R_#221 1 3643 3688
./frames/1CM1_2_R_#221 4 3689 3723
./frames/1CM1_2_R_#221 1 3724 3768
./frames/1CM1_2_R_#222 1 1 29
./frames/1CM1_2_R_#222 11 30 80
./frames/1CM1_2_R_#222 1 81 107
./frames/1CM1_2_R_#222 2 108 250
./frames/1CM1_2_R_#222 1 251 307
./frames/1CM1_2_R_#222 13 308 337
./frames/1CM1_2_R_#222 1 338 364
./frames/1CM1_2_R_#222 2 365 509
./frames/1CM1_2_R_#222 1 510 554
./frames/1CM1_2_R_#222 7 555 594
./frames/1CM1_2_R_#222 1 595 654
./frames/1CM1_2_R_#222 2 655 839
./frames/1CM1_2_R_#222 1 840 903
./frames/1CM1_2_R_#222 9 904 925
./frames/1CM1_2_R_#222 1 926 984
./frames/1CM1_2_R_#222 3 985 1151
./frames/1CM1_2_R_#222 1 1152 1415
./frames/1CM1_2_R_#222 8 1416 1441
./frames/1CM1_2_R_#222 1 1442 1493
./frames/1CM1_2_R_#222 3 1494 1673
./frames/1CM1_2_R_#222 1 1674 1709
./frames/1CM1_2_R_#222 4 1710 1733
./frames/1CM1_2_R_#222 1 1734 1793
./frames/1CM1_2_R_#222 3 1794 1948
./frames/1CM1_2_R_#222 1 1949 1987
./frames/1CM1_2_R_#222 5 1988 2013
./frames/1CM1_2_R_#222 1 2014 2036
./frames/1CM1_2_R_#222 3 2037 2204
./frames/1CM1_2_R_#222 1 2205 2511
./frames/1CM1_2_R_#222 12 2512 2553
./frames/1CM1_2_R_#222 1 2554 2597
./frames/1CM1_2_R_#222 3 2598 2763
./frames/1CM1_2_R_#222 1 2764 2874
./frames/1CM1_2_R_#222 6 2875 2937
./frames/1CM1_2_R_#222 1 2938 2968
./frames/1CM1_2_R_#222 2 2969 3129
./frames/1CM1_2_R_#222 1 3130 3175
./frames/1CM1_2_R_#222 10 3176 3211
./frames/1CM1_2_R_#222 1 3212 3255
./frames/1CM1_2_R_#222 2 3256 3412
./frames/1CM1_2_R_#222 1 3413 3455
./frames/1CM1_2_R_#222 14 3456 3507
./frames/1CM1_2_R_#222 1 3508 3651
./frames/1CM1_2_R_#223 1 1 29
./frames/1CM1_2_R_#223 10 30 63
./frames/1CM1_2_R_#223 1 64 101
./frames/1CM1_2_R_#223 2 102 263
./frames/1CM1_2_R_#223 1 264 358
./frames/1CM1_2_R_#223 4 359 397
./frames/1CM1_2_R_#223 1 398 449
./frames/1CM1_2_R_#223 2 450 605
./frames/1CM1_2_R_#223 1 606 697
./frames/1CM1_2_R_#223 11 698 729
./frames/1CM1_2_R_#223 1 730 865
./frames/1CM1_2_R_#223 3 866 1033
./frames/1CM1_2_R_#223 1 1034 1059
./frames/1CM1_2_R_#223 14 1060 1110
./frames/1CM1_2_R_#223 1 1111 1150
./frames/1CM1_2_R_#223 2 1151 1281
./frames/1CM1_2_R_#223 1 1282 1497
./frames/1CM1_2_R_#223 8 1498 1518
./frames/1CM1_2_R_#223 1 1519 1567
./frames/1CM1_2_R_#223 2 1568 1693
./frames/1CM1_2_R_#223 1 1694 1971
./frames/1CM1_2_R_#223 5 1972 1995
./frames/1CM1_2_R_#223 1 1996 2049
./frames/1CM1_2_R_#223 3 2050 2193
./frames/1CM1_2_R_#223 1 2194 2217
./frames/1CM1_2_R_#223 13 2218 2254
./frames/1CM1_2_R_#223 1 2255 2301
./frames/1CM1_2_R_#223 3 2302 2483
./frames/1CM1_2_R_#223 1 2484 2506
./frames/1CM1_2_R_#223 9 2507 2557
./frames/1CM1_2_R_#223 1 2558 2652
./frames/1CM1_2_R_#223 3 2653 2832
./frames/1CM1_2_R_#223 1 2833 2876
./frames/1CM1_2_R_#223 6 2877 2924
./frames/1CM1_2_R_#223 1 2925 2978
./frames/1CM1_2_R_#223 3 2979 3164
./frames/1CM1_2_R_#223 1 3165 3368
./frames/1CM1_2_R_#223 7 3369 3421
./frames/1CM1_2_R_#223 1 3422 3489
./frames/1CM1_2_R_#223 2 3490 3699
./frames/1CM1_2_R_#223 1 3700 3826
./frames/1CM1_2_R_#223 12 3827 3875
./frames/1CM1_2_R_#223 1 3876 3988