./frames/1CM1_1_R_#217 1 1 28
./frames/1CM1_1_R_#217 2 29 72
./frames/1CM1_1_R_#217 2 73 235
./frames/1CM1_1_R_#217 2 236 260
./frames/1CM1_1_R_#217 2 261 448
./frames/1CM1_1_R_#217 2 449 509
./frames/1CM1_1_R_#217 2 510 756
./frames/1CM1_1_R_#217 2 757 788
./frames/1CM1_1_R_#217 2 789 1064
./frames/1CM1_1_R_#217 2 1065 1101
./frames/1CM1_1_R_#217 2 1102 1353
./frames/1CM1_1_R_#217 1 1354 1883
./frames/1CM1_1_R_#217 2 1884 1938
./frames/1CM1_1_R_#217 2 1939 2168
./frames/1CM1_1_R_#217 2 2169 2194
./frames/1CM1_1_R_#217 2 2195 2407
./frames/1CM1_1_R_#217 1 2408 2860
./frames/1CM1_1_R_#217 2 2861 2906
./frames/1CM1_1_R_#217 2 2907 3151
./frames/1CM1_1_R_#217 1 3152 3387
./frames/1CM1_1_R_#217 2 3388 3414
./frames/1CM1_1_R_#217 2 3415 3549
./frames/1CM1_1_R_#217 2 3550 3587
./frames/1CM1_1_R_#217 2 3588 3755
./frames/1CM1_1_R_#217 2 3756 3798
./frames/1CM1_1_R_#217 1 3799 3854
./frames/1CM1_1_R_#218 1 1 19
./frames/1CM1_1_R_#218 2 20 49
./frames/1CM1_1_R_#218 2 50 239
./frames/1CM1_1_R_#218 2 240 287
./frames/1CM1_1_R_#218 2 288 500
./frames/1CM1_1_R_#218 2 501 539
./frames/1CM1_1_R_#218 2 540 728
./frames/1CM1_1_R_#218 1 729 1040
./frames/1CM1_1_R_#218 2 1041 1074
./frames/1CM1_1_R_#218 2 1075 1322
./frames/1CM1_1_R_#218 2 1323 1358
./frames/1CM1_1_R_#218 2 1359 1584
./frames/1CM1_1_R_#218 1 1585 1905
./frames/1CM1_1_R_#218 2 1906 1945
./frames/1CM1_1_R_#218 2 1946 2195
./frames/1CM1_1_R_#218 1 2196 2490
./frames/1CM1_1_R_#218 2 2491 2543
./frames/1CM1_1_R_#218 2 2544 2779
./frames/1CM1_1_R_#218 2 2780 2824
./frames/1CM1_1_R_#218 2 2825 3021
./frames/1CM1_1_R_#218 2 3022 3054
./frames/1CM1_1_R_#218 2 3055 3275
./frames/1CM1_1_R_#218 2 3276 3315
./frames/1CM1_1_R_#218 2 3316 3547
./frames/1CM1_1_R_#218 2 3548 3597
./frames/1CM1_1_R_#218 1 3598 3655
./frames/1CM1_1_R_#219 1 1 21
./frames/1CM1_1_R_#219 2 22 61
./frames/1CM1_1_R_#219 2 62 275
./frames/1CM1_1_R_#219 2 276 304
./frames/1CM1_1_R_#219 2 305 577
./frames/1CM1_1_R_#219 2 578 625
./frames/1CM1_1_R_#219 2 626 842
./frames/1CM1_1_R_#219 2 843 889
./frames/1CM1_1_R_#219 2 890 1130
./frames/1CM1_1_R_#219 1 1131 1500
./frames/1CM1_1_R_#219 2 1501 1566
./frames/1CM1_1_R_#219 2 1567 1829
./frames/1CM1_1_R_#219 2 1830 1872
./frames/1CM1_1_R_#219 2 1873 2086
./frames/1CM1_1_R_#219 2 2087 2131
./frames/1CM1_1_R_#219 2 2132 2381
./frames/1CM1_1_R_#219 2 2382 2415
./frames/1CM1_1_R_#219 2 2416 2681
./frames/1CM1_1_R_#219 1 2682 3016
./frames/1CM1_1_R_#219 2 3017 3053
./frames/1CM1_1_R_#219 2 3054 3352
./frames/1CM1_1_R_#219 1 3353 3598
./frames/1CM1_1_R_#219 2 3599 3639
./frames/1CM1_1_R_#219 2 3640 3817
./frames/1CM1_1_R_#219 2 3818 3864
./frames/1CM1_1_R_#219 1 3865 3921
./frames/1CM1_1_R_#220 1 1 25
./frames/1CM1_1_R_#220 2 26 68
./frames/1CM1_1_R_#220 2 69 307
./frames/1CM1_1_R_#220 2 308 344
./frames/1CM1_1_R_#220 2 345 572
./frames/1CM1_1_R_#220 2 573 611
./frames/1CM1_1_R_#220 2 612 883
./frames/1CM1_1_R_#220 2 884 918
./frames/1CM1_1_R_#220 2 919 1160
./frames/1CM1_1_R_#220 1 1161 1457
./frames/1CM1_1_R_#220 2 1458 1507
./frames/1CM1_1_R_#220 2 1508 1761
./frames/1CM1_1_R_#220 2 1762 1788
./frames/1CM1_1_R_#220 2 1789 2014
./frames/1CM1_1_R_#220 1 2015 2372
./frames/1CM1_1_R_#220 2 2373 2405
./frames/1CM1_1_R_#220 2 2406 2644
./frames/1CM1_1_R_#220 2 2645 2689
./frames/1CM1_1_R_#220 2 2690 2915
./frames/1CM1_1_R_#220 1 2916 3227
./frames/1CM1_1_R_#220 2 3228 3267
./frames/1CM1_1_R_#220 2 3268 3482
./frames/1CM1_1_R_#220 2 3483 3514
./frames/1CM1_1_R_#220 2 3515 3789
./frames/1CM1_1_R_#220 2 3790 3836
./frames/1CM1_1_R_#220 1 3837 3889
./frames/1CM1_2_R_#221 1 1 75
./frames/1CM1_2_R_#221 2 76 128
./frames/1CM1_2_R_#221 1 129 144
./frames/1CM1_2_R_#221 2 145 348
./frames/1CM1_2_R_#221 1 349 375
./frames/1CM1_2_R_#221 2 376 423
./frames/1CM1_2_R_#221 1 424 457
./frames/1CM1_2_R_#221 2 458 592
./frames/1CM1_2_R_#221 1 593 649
./frames/1CM1_2_R_#221 2 650 691
./frames/1CM1_2_R_#221 1 692 728
./frames/1CM1_2_R_#221 2 729 907
./frames/1CM1_2_R_#221 1 908 936
./frames/1CM1_2_R_#221 2 937 988
./frames/1CM1_2_R_#221 1 989 1025
./frames/1CM1_2_R_#221 2 1026 1172
./frames/1CM1_2_R_#221 1 1173 1391
./frames/1CM1_2_R_#221 2 1392 1456
./frames/1CM1_2_R_#221 1 1457 1518
./frames/1CM1_2_R_#221 2 1519 1674
./frames/1CM1_2_R_#221 1 1675 1750
./frames/1CM1_2_R_#221 2 1751 1788
./frames/1CM1_2_R_#221 1 1789 1883
./frames/1CM1_2_R_#221 2 1884 2045
./frames/1CM1_2_R_#221 1 2046 2106
./frames/1CM1_2_R_#221 2 2107 2173
./frames/1CM1_2_R_#221 1 2174 2228
./frames/1CM1_2_R_#221 2 2229 2363
./frames/1CM1_2_R_#221 1 2364 2650
./frames/1CM1_2_R_#221 2 2651 2710
./frames/1CM1_2_R_#221 1 2711 2729
./frames/1CM1_2_R_#221 2 2730 2833
./frames/1CM1_2_R_#221 1 2834 2995
./frames/1CM1_2_R_#221 2 2996 3044
./frames/1CM1_2_R_#221 1 3045 3103
./frames/1CM1_2_R_#221 2 3104 3299
./frames/1CM1_2_R_#221 1 3300 3370
./frames/1CM1_2_R_#221 2 3371 3405
./frames/1CM1_2_R_#221 1 3406 3495
./frames/1CM1_2_R_#221 2 3496 3642
./frames/1CM1_2_R_#221 1 3643 3688
./frames/1CM1_2_R_#221 2 3689 3723
./frames/1CM1_2_R_#221 1 3724 3768
./frames/1CM1_2_R_#222 1 1 29
./frames/1CM1_2_R_#222 2 30 80
./frames/1CM1_2_R_#222 1 81 107
./frames/1CM1_2_R_#222 2 108 250
./frames/1CM1_2_R_#222 1 251 307
./frames/1CM1_2_R_#222 2 308 337
./frames/1CM1_2_R_#222 1 338 364
./frames/1CM1_2_R_#222 2 365 509
./frames/1CM1_2_R_#222 1 510 554
./frames/1CM1_2_R_#222 2 555 594
./frames/1CM1_2_R_#222 1 595 654
./frames/1CM1_2_R_#222 2 655 839
./frames/1CM1_2_R_#222 1 840 903
./frames/1CM1_2_R_#222 2 904 925
./frames/1CM1_2_R_#222 1 926 984
./frames/1CM1_2_R_#222 2 985 1151
./frames/1CM1_2_R_#222 1 1152 1415
./frames/1CM1_2_R_#222 2 1416 1441
./frames/1CM1_2_R_#222 1 1442 1493
./frames/1CM1_2_R_#222 2 1494 1673
./frames/1CM1_2_R_#222 1 1674 1709
./frames/1CM1_2_R_#222 2 1710 1733
./frames/1CM1_2_R_#222 1 1734 1793
./frames/1CM1_2_R_#222 2 1794 1948
./frames/1CM1_2_R_#222 1 1949 1987
./frames/1CM1_2_R_#222 2 1988 2013
./frames/1CM1_2_R_#222 1 2014 2036
./frames/1CM1_2_R_#222 2 2037 2204
./frames/1CM1_2_R_#222 1 2205 2511
./frames/1CM1_2_R_#222 2 2512 2553
./frames/1CM1_2_R_#222 1 2554 2597
./frames/1CM1_2_R_#222 2 2598 2763
./frames/1CM1_2_R_#222 1 2764 2874
./frames/1CM1_2_R_#222 2 2875 2937
./frames/1CM1_2_R_#222 1 2938 2968
./frames/1CM1_2_R_#222 2 2969 3129
./frames/1CM1_2_R_#222 1 3130 3175
./frames/1CM1_2_R_#222 2 3176 3211
./frames/1CM1_2_R_#222 1 3212 3255
./frames/1CM1_2_R_#222 2 3256 3412
./frames/1CM1_2_R_#222 1 3413 3455
./frames/1CM1_2_R_#222 2 3456 3507
./frames/1CM1_2_R_#222 1 3508 3651
./frames/1CM1_2_R_#223 1 1 29
./frames/1CM1_2_R_#223 2 30 63
./frames/1CM1_2_R_#223 1 64 101
./frames/1CM1_2_R_#223 2 102 263
./frames/1CM1_2_R_#223 1 264 358
./frames/1CM1_2_R_#223 2 359 397
./frames/1CM1_2_R_#223 1 398 449
./frames/1CM1_2_R_#223 2 450 605
./frames/1CM1_2_R_#223 1 606 697
./frames/1CM1_2_R_#223 2 698 729
./frames/1CM1_2_R_#223 1 730 865
./frames/1CM1_2_R_#223 2 866 1033
./frames/1CM1_2_R_#223 1 1034 1059
./frames/1CM1_2_R_#223 2 1060 1110
./frames/1CM1_2_R_#223 1 1111 1150
./frames/1CM1_2_R_#223 2 1151 1281
./frames/1CM1_2_R_#223 1 1282 1497
./frames/1CM1_2_R_#223 2 1498 1518
./frames/1CM1_2_R_#223 1 1519 1567
./frames/1CM1_2_R_#223 2 1568 1693
./frames/1CM1_2_R_#223 1 1694 1971
./frames/1CM1_2_R_#223 2 1972 1995
./frames/1CM1_2_R_#223 1 1996 2049
./frames/1CM1_2_R_#223 2 2050 2193
./frames/1CM1_2_R_#223 1 2194 2217
./frames/1CM1_2_R_#223 2 2218 2254
./frames/1CM1_2_R_#223 1 2255 2301
./frames/1CM1_2_R_#223 2 2302 2483
./frames/1CM1_2_R_#223 1 2484 2506
./frames/1CM1_2_R_#223 2 2507 2557
./frames/1CM1_2_R_#223 1 2558 2652
./frames/1CM1_2_R_#223 2 2653 2832
./frames/1CM1_2_R_#223 1 2833 2876
./frames/1CM1_2_R_#223 2 2877 2924
./frames/1CM1_2_R_#223 1 2925 2978
./frames/1CM1_2_R_#223 2 2979 3164
./frames/1CM1_2_R_#223 1 3165 3368
./frames/1CM1_2_R_#223 2 3369 3421
./frames/1CM1_2_R_#223 1 3422 3489
./frames/1CM1_2_R_#223 2 3490 3699
./frames/1CM1_2_R_#223 1 3700 3826
./frames/1CM1_2_R_#223 2 3827 3875
./frames/1CM1_2_R_#223 1 3876 3988